210 174.370183424 39.0952267824 70.1688728974
211 174.804762897 39.087558882 70.1540042437
212 175.915786361 37.9918543265 70.1457305964
213 175.765617922 37.9330102111 70.1471414599
214 177.36250497 37.468992803 70.1597038133
215 179.520139071 37.0696486399 70.1854116523
216 180.429463851 37.71667152 70.2250134113
217 180.196081335 38.2651795159 70.2814149928
218 180.990290812 40.0636489095 70.3601775019
219 180.220687162 39.9922549522 70.4667174821
220 179.905220083 41.1122717298 70.5996143099
221 180.993769335 39.4813696819 70.7532477136
222 179.951992496 42.2494362955 70.9176033705
223 180.894109757 42.3128425478 70.4781017985
224 183.037028176 41.9012135166 70.6537921201
225 184.717520066 40.29102403 70.8316330775
226 185.203746592 39.1484592729 71.0002136992
227 185.52903531 39.7248017405 71.1457514452
228 186.424858091 40.3577289865 71.2592641869
229 186.757088819 40.9329774031 71.3412255675
230 187.775122941 40.4099045921 71.3968880465
