200 172.456238183 41.13479911 64.153032391
201 172.403621344 39.303193057 64.1610303314
203 172.560758976 39.741719491 69.6400548529
204 171.838748487 39.6344284098 69.631870262
205 172.728400857 40.8444323213 69.6249281814
206 173.306534983 39.1515982191 70.2279675009
207 171.843680762 40.716694882 70.2185452782
208 172.191025271 41.2877772974 70.20461354
209 174.414225249 40.2980875115 70.1871756884
210 174.370183424 39.0952267824 70.1688728974
211 174.804762897 39.087558882 70.1540042437
212 175.915786361 37.9918543265 70.1457305964
213 175.765617922 37.9330102111 70.1471414599
214 177.36250497 37.468992803 70.1597038133
215 179.520139071 37.0696486399 70.1854116523
216 180.429463851 37.71667152 70.2250134113
217 180.196081335 38.2651795159 70.2814149928
218 180.990290812 40.0636489095 70.3601775019
219 180.220687162 39.9922549522 70.4667174821
220 179.905220083 41.1122717298 70.5996143099
221 180.993769335 39.4813696819 70.7532477136
222 179.951992496 42.2494362955 70.9176033705
223 180.894109757 42.3128425478 70.4781017985
224 183.037028176 41.9012135166 70.6537921201
225 184.717520066 40.29102403 70.8316330775
226 185.203746592 39.1484592729 71.0002136992
227 185.52903531 39.7248017405 71.1457514452
228 186.424858091 40.3577289865 71.2592641869
229 186.757088819 40.9329774031 71.3412255675
230 187.775122941 40.4099045921 71.3968880465
231 187.662637583 39.7715641134 71.4321806044
232 188.17734049 38.6093877661 71.4470701802
233 189.211668729 38.0709266491 71.4427645779
234 189.521611827 39.1983005017 71.4152794664
235 190.164870867 36.9156680414 71.3607103597
236 190.977659086 39.2673801073 71.2807329104
237 192.592677559 39.4043577184 71.1843446782
238 191.827616299 40.4773146659 69.2543244838
239 193.341824832 41.7617136111 69.157191111
240 193.864571138 41.2218537377 69.0620448407
241 197.180564872 41.5054778068 68.9673179864
242 196.494129801 41.4068881224 68.880241267
243 197.098255471 39.6968471811 68.8160509048
244 196.441265887 39.0237399742 68.7827466084
245 197.324786218 40.2273784922 68.777727584
246 197.736993042 40.2399315714 68.7878598739
247 198.779312182 39.7317705417 68.8000380675
248 201.442072286 40.5176480986 68.8068435139
249 199.60734025 40.3061540385 68.8069017052
250 201.153337121 40.9848184183 68.8031903976
251 200.937067168 42.0789422285 68.7996622644
252 200.818959309 42.0328899159 68.7990276505
253 201.254413927 42.040113387 68.8002701615
254 202.240060726 42.1084492175 68.8015644589
255 202.585054153 42.7178911481 68.8015644589
256 201.313400911 42.0593200006 68.800658164
257 201.64555028 42.7272681263 68.8013876283
258 202.140188939 41.689505532 68.8076695977
259 203.157007696 41.2601339384 68.8242647139
260 203.397183687 43.0329371327 68.8529129181
261 204.891796502 43.7395640397 68.8919627754
262 205.368059595 43.1750667462 68.9357990147
263 205.868459962 42.595316534 68.9771553553
264 206.288461791 43.1508864756 69.006814587
265 207.191525942 44.9022902804 69.0171376759
266 209.292050964 46.1957753902 69.0036570716
267 209.986609176 43.9179023848 68.9662272973
268 208.528516512 46.058951244 64.0293940691
269 210.484101781 48.5295641956 63.9599555164
270 210.111069693 51.3671586401 63.8863169467
271 209.144039074 48.3981589224 63.815645703
272 210.944785198 46.8386776147 63.7514960869
273 211.458199702 46.8863056283 61.2563962896
274 212.07516362 45.7907800513 61.2095223343
275 212.877630897 48.7374228277 61.1700629419
276 212.788372042 48.7162994439 61.1359983782
277 213.319637599 48.1643424711 61.1103605029
278 212.875162444 45.7790659397 61.0984958953
279 212.742059719 46.2844763793 61.1045567502
280 213.282727167 45.6873766529 61.126818375
281 215.066316382 44.0434095197 61.1574147656
282 213.168088886 44.932769802 61.1855895109
283 214.139911625 46.0994758348 61.2005941881
284 215.342415999 45.0122139661 61.1947590219
285 216.554646964 43.9608051572 61.1686598866
286 216.464109314 44.5446283886 61.1306274609
287 215.902016763 43.9503969409 61.0920039734
288 218.294990996 42.4846035075 61.0584867971
289 218.201550363 43.0812946151 61.044319122
290 218.722648914 43.16340526 60.9788211038
291 220.868765361 46.2320247824 60.9970956529
